before for loop
after for loop
final YHY values:
yhy_11 = 3.495117
yhy_12 = 18.414063
yhy_13 = 7.491211
yhy_23 = 3.997070
yhy_33 = 2.587891
final YHE values:
yhe_1_r = -1.938477
yhe_1_i = -8.983398
yhe_2_r = -0.956055
yhe_2_i = -3.379883
yhe_3_r = -0.566406
yhe_3_i = -1.716797
YHY matrix inversion successful
yhy_inv.a11 = -0.003906
yhy_inv.a12 = -0.002930
yhy_inv.a13 = -0.001953
yhy_inv.a23 = -0.001953
yhy_inv.a33 = -0.002930
